1583162792
1585545166
902330409
1624776563
1132667483
2019051405
1035526091
1137707488
1661098726
1541770345
275399351
425769128
1327012723
560079873
1477743537
2055283391
1462604189
1855264532
958374098
1397895717
891181672
589684321
2019479129
1719614864
103135526
1311400974
434120050
72769088
628931009
1176402858
825778141
64610153
614464377
1728108550
1689386717
1747131860
1599676308
577429160
737355700
1113291386
2119199505
1012755051
1539060515
1298728580
1572834924
869320404
1206528323
887955466
577101288
17418774
138367535
1468282961
607103095
10363016
1040414177
710238621
1321763990
1474534227
783007710
1950694999
503453437
1608785851
2015305153
1117917814
1189410754
1557208222
717566026
641603414
2134637382
1454921726
1754894800
2106353239
320193130
1146471667
1257598171
1893028054
2015792071
316642846
633499872
445409712
334061620
771867407
1913692673
941164715
782230423
806623202
1651403337
2103994413
133673781
286927399
1907205765
637127218
1895713250
1775027270
1755045033
937640356
1184751844
325127411
1579243770
1171905578
1780049138
1186654923
1130775169
2100242268
185642942
240889692
1845786674
53951366
557532538
331802899
499361078
891594159
1103670306
265570103
1832758874
1885900730
1072193305
1336678563
1842411495
1205867086
1623605962
1602133612
1842994304
1371835565
1229677234
1450555689
161992273
266945430
1775683101
1741236044
1438851008
1408248591
780407319
422142529
1361007211
966050261
663032221
1059310237
1020001627
1220564760
1391113136
1519362705
2112158919
347299795
1784932808
1797434145
85716877
709642465
986629061
1928128372
1915509551
462751375
1382778337
1611020208
1834586940
464971923
914092249
1996579214
731917354
542291702
1590331610
23284714
1950540293
223255281
445427244
1164063856
1189305542
1108459465
75890446
61823522
181540577
1467003582
1581186227
146215848
1814303377
1218635388
1943649994
1900020254
1928277853
782795407
1680664979
1696303757
1245546782
915959668
1159840317
932650075
1380931591
2073932566
781745641
2112848945
468740621
224593603
2136133660
271797266
447848884
434077256
1435861123
1637154426
1542536721
1511751569
1698977948
1724077299
831271503
1132680528
1870293147
498091233
203832268
1666459493
250627839
2132110121
301771252
1931292818
1680930230
1547318035
699768838
693286899
332484462
2080700430
619735818
1114230103
2046065727
1088476439
1338823706
2034715739
1360273705
1786672590
321309347
648651180
1276343368
1863846069
12919101
827837669
1440439720
844190605
1960518197
1163249219
1342281838
16866817
682225065
1592909677
1493290
983996317
1376718848
1682423521
383830704
2076487686
228226772
716315166
2009704468
847962590
1830545269
1908286548
1936439029
1021885327
1795518639
1149229087
661074269
2116827987
1797880267
1937417638
1833190408
1810799369
617771659
1126146480
507506326
430806208
141912051
1849788164
447673025
824137116
1295214193
449166315
1808133434
524449393
2131589836
44480490
453453432
212332961
760795657
315674252
1060295551
443857278
76477152
849250933
1465742606
1871995792
1998480020
2126816875
1841340131
1648876639
1916750865
1527046891
1312192360
387038876
505709723
1819698686
817845084
647621774
1522003202
1265518109
1471758891
669733748
1714684425
1132408677
1194183141
1698790613
1176889167
1647636573
1911123574
1937684824
1963310826
823935478
234058455
2039787978
1673186411
1699801061
1764300122
1524182783
1679134288
1458156605
1025575774
1448401506
837719848
190284487
1835440382
1343429571
2009983173
505801819
1991051346
1384502728
1771319928
1315326589
2054236476
1338520705
300251618
1100935969
889827671
1477140785
601088895
653467597
1267341962
416916073
1477403075
1501400417
309220403
1003105838
1053717830
2073520526
379804973
585368470
1384193483
1405380748
2033769976
74429684
1595665235
1721726711
1417859255
1458164760
80044882
1261426953
695183840
1851364810
429269894
601936668
1042401868
729521512
1702872638
1932229539
59178650
156477885
438213488
1326520612
573393958
1915616564
680437381
882614361
771238754
1734155211
808651239
1151043728
172040033
45361075
408940828
58326362
119790759
2004606063
1780053073
1537650014
1315287175
1860097955
651593320
2010471016
1563979117
1080863214
464924036
458897337
1810384727
20313026
243643228
1869563377
176790911
681856717
1048600341
750184869
449989633
1729037722
1632799231
1221228387
1315709285
293966822
224788467
1487749318
339327897
633729295
1546075680
459118656
490851710
1178645105
1996768671
1806138886
891259412
500878343
1669126254
307754882
1581741557
2134050290
766652219
1244642636
6879669
1010295448
966722365
183670580
1692152165
2015322706
933855450
2142141798
1596876780
419171033
1215886537
765102417
713137855
1440675005
105368088
1052465753
2074404300
1651443768
1511584409
417772363
682605226
1360869432
76427601
1573864638
1861747775
1745553855
1881619520
1296005685
1732120497
500788092
393164673
1739000166
1511083540
1359887039
1922670747
1055752057
1227726097
709042549
1050410207
677119230
1128213582
118813096
1442221647
1841351437
1559488101
1547589735
746333542
1486408754
1051549856
110434304
1904181117
1734155082
1471303736
1980608718
1160536072
1185567864
1578678925
894671945
334089901
1163315774
1395460037
727254574
754832293
759059929
2087141613
530019392
1814811986
1167384063
1239061941
717738545
1844503293
219791875
836551641
1139241292
2061143312
248556095
539347380
659993207
1734964849
1590897236
770427511
1491662318
1177568670
94247599
1324787388
190621094
1279815463
755982665
1085293039
1613905364
1919298439
333269428
193676291
526647084
1092329357
133334256
1056666476
759657695
1300718319
148244769
1477396240
997737964
368036644
166464234
2136979257
281696309
415020329
528842989
941689516
2501530
2119740225
1712117027
1494163848
1149825247
1806364626
671467588
1340446341
938696442
1427450253
278255733
405118158
1199265044
611525161
598794449
1725912129
1703854519
732128706
635094957
316028566
2032847025
783339727
1793424807
883101342
1151376371
1959889041
872596951
1433072680
227425722
1401439940
227278548
229927252
1373696517
1939395575
1724091100
376038116
1598276554
248075040
1716484457
389489348
1675525293
1994740190
794607506
727306689
458781704
1393401956
305735170
15152575
2125530662
940830128
331181141
2010894039
1724169855
2124605948
746511733
728062578
1937011341
1619108684
13651611
16953415
873064976
240930159
246880667
99277845
32842087
1970971767
475315961
1631118641
71563159
44316771
2020607989
1747088452
2039056961
667731847
326911494
350355017
2061133803
632646664
365507592
2039180817
1573476792
696688734
1902591209
1150162999
673811034
501619294
1878225578
463338728
2120727979
1891877189
480292143
846309307
2132807348
727172811
945587153
18165787
550660930
1420903114
1649284428
622224090
1465219885
1522408769
221828894
1356793199
42656969
548740388
1707148216
2103790772
1181387053
2072655809
1995487942
607380197
621860895
1750595503
1757543197
1295671929
104731149
1488285127
1759010657
77975480
1232678668
91819153
924284788
1218002368
818991964
1869871941
1236168156
1369652894
1143291407
737968936
1991876984
461027645
112894058
66222231
1817820844
155551027
614962619
1377485412
111858151
1796349672
1302657573
2107346093
256246222
1924518468
1710457948
2013789419
1072706750
1815189098
1354590898
684233759
1893164578
439785918
776052912
669965718
1657788286
1595044876
392354011
746472794
817214123
1535645419
1484441731
661607459
1996673064
1597335789
727829690
1667010260
1752886816
1342792310
897012024
1864744967
991658334
52185950
1824607413
1247904556
1976704418
1387581713
1114210327
901927520
1055287163
321317577
1586161280
800968094
761103495
214730544
1470933812
271408134
1809775421
1863287824
1017880928
479505896
1251449595
354839011
1141113355
1100639011
1952174800
1868943046
620165623
1557577968
1064251708
1517177647
1274839288
2055910042
1569363597
951963053
1156330951
1398584368
192061118
123057630
153028240
1247348282
444375208
1739189520
2048316376
1205478703
1953920065
1371766540
1476886837
1616211838
1087570716
347284118
2095717734
191536663
702123129
1089347441
1292175674
506814282
810806839
1912341297
2064392250
1875058547
1282035297
1191747890
1783484942
703915246
2143710943
792332245
2102499614
188288414
915389875
108044207
1435636696
1359765083
1847233727
1336469424
417760139
1653670144
560752316
1894646976
1122398334
1648323033
94447446
1070632420
1839859696
796570576
12496214
984551723
1303384858
823303053
749409372
1220293460
550877953
2031444669
264557703
186879247
587876268
260784998
979211492
542892234
449073412
1894601367
650936441
1884710108
1106882803
350686521
1073695884
1524642942
2004356665
1634448201
1271806270
979271352
1135287586
1366253717
2049903772
827663634
15340645
2062399986
1812215357
1318725503
738219392
414141082
391535315
1289097345
298102103
656093018
1475976592
885978371
916878017
307704436
1428870606
1365951429
54822155
2079807047
1103177890
1161704958
283009920
29390126
538864252
139882938
1663838327
1810670523
1119154290
651642265
1029440592
1021574414
1479305900
1044781237
936490753
1144037609
216023092
1674710145
1558178691
607558407
816323842
1856280795
1263651426
144816786
594775518
33045795
452521222
2023646124
1398997224
507343377
1955969524
354691466
1669048336
91495796
384081593
60428940
231378734
2047919920
1871099463
1350533024
552078538
753056407
224623791
2031384438
1797837644
1161114544
1027938399
2013860736
688341041
438633443
473935496
1504664883
147430590
1737586922
1649481669
742206108
1770632717
2102002891
618368585
1022146293
461862620
426854461
1376837760
2130910956
518350257
1760919353
43856249
749728992
1661355625
1914955712
2100262016
65950515
520528472
177402159
2097334953
170882468
1338516703
977789705
37259557
2026857744
1416423148
511195053
1384038979
1563853738
101298327
886037000
158576198
1871931044
840556243
776944783
746593689
1302418864
1203799244
2123431449
1285846172
1722149502
1736867154
1329702421
324394846
1250739132
1097174486
277173214
1316689647
1617702958
454575374
1266540953
1788585426
1793092077
96847010
1825844983
1672466174
1513270158
189556388
909021505
929640248
290854715
1795058506
1088216446
15302111
488131101
1865161230
761895801
1790549965
921476826
737843602
928912490
496142680
327227109
111131263
820537526
1577966241
1208305749
1097710741
747172240
678525059
1552286115
2013713193
319626838
1197894544
2110560203
2145471821
722877070
1476346713
187544562
1631898576
258503313
478399277
1279473434
1346719760
493701389
1767604535
1064397342
1255597190
1410670853
1985874168
1993440792
192099695
334533201
173184253
303230958
1155070727
